#Mass	 #Pos	 #RadialVel	 #TransVel	 #Potential
   0.0010	    0.1152	    0.0884	   -1.0554	   -0.0014
   0.0010	    0.1304	    0.1235	    1.1123	   -0.0015
   0.0010	    0.1497	    0.0859	   -0.3566	   -0.0016
   0.0010	    0.1592	   -0.1412	   -0.6233	   -0.0018
   0.0010	    0.1668	    0.5748	    0.3604	   -0.0018
   0.0010	    0.1887	   -0.3463	   -0.3066	   -0.0035
   0.0010	    0.1893	    0.2095	   -0.8200	   -0.0035
   0.0010	    0.1959	   -0.3490	    0.7998	   -0.0028
   0.0010	    0.1973	   -0.3427	   -0.6880	   -0.0028
   0.0010	    0.2028	    0.6239	   -0.2996	   -0.0022
   0.0010	    0.2127	    0.5948	    0.4134	   -0.0021
   0.0010	    0.2272	   -0.0874	    0.6585	   -0.0021
   0.0010	    0.2420	    0.4275	   -0.3900	   -0.0027
   0.0010	    0.2446	    0.1339	    0.4324	   -0.0028
   0.0010	    0.2511	    0.4835	    0.2474	   -0.0029
   0.0010	    0.2551	    0.2170	   -0.2855	   -0.0033
   0.0010	    0.2580	    0.3985	   -0.7189	   -0.0045
   0.0010	    0.2587	    0.1230	   -0.9066	   -0.0045
   0.0010	    0.2641	   -0.5796	   -0.1890	   -0.0039
   0.0010	    0.2654	   -0.4885	    0.2324	   -0.0039
   0.0010	    0.2687	   -0.4748	    0.4227	   -0.0042
   0.0010	    0.2697	    0.0581	   -0.8396	   -0.0041
   0.0010	    0.2742	   -0.1305	   -0.4417	   -0.0031
   0.0010	    0.2854	    0.5593	    0.6548	   -0.0032
   0.0010	    0.2907	   -0.0988	    0.5096	   -0.0064
   0.0010	    0.2911	   -0.2083	   -0.4322	   -0.0068
   0.0010	    0.2921	   -0.6524	    0.3166	   -0.0053
   0.0010	    0.2935	   -0.0851	    0.1131	   -0.0047
   0.0010	    0.2960	   -0.2882	    0.3089	   -0.0039
   0.0010	    0.3007	    0.5335	   -0.9499	   -0.0036
   0.0010	    0.3054	    0.1983	   -0.6757	   -0.0045
   0.0010	    0.3067	    0.2923	   -0.5006	   -0.0056
   0.0010	    0.3074	   -0.5302	   -0.1490	   -0.0056
   0.0010	    0.3087	   -0.4432	    0.8252	   -0.0044
   0.0010	    0.3166	   -0.4812	    0.5216	   -0.0032
   0.0010	    0.3222	   -0.1465	    0.5181	   -0.0031
   0.0010	    0.3311	    0.2816	    0.8840	   -0.0058
   0.0010	    0.3315	    0.4502	   -0.4595	   -0.0058
   0.0010	    0.3454	    0.0045	    0.3930	   -0.0061
   0.0010	    0.3459	    0.0412	   -0.5731	   -0.0066
   0.0010	    0.3467	   -0.2728	   -0.4279	   -0.0052
   0.0010	    0.3497	    0.4873	    0.4882	   -0.0038
   0.0010	    0.3566	   -0.1104	   -0.8624	   -0.0065
   0.0010	    0.3569	   -0.2466	   -0.5953	   -0.0065
   0.0010	    0.3612	    0.0658	    0.8762	   -0.0036
   0.0010	    0.3722	   -0.4987	    0.3622	   -0.0075
   0.0010	    0.3725	   -0.2092	    0.2364	   -0.0077
   0.0010	    0.3737	    0.2706	   -0.6604	   -0.0052
   0.0010	    0.3764	    0.5541	   -0.5782	   -0.0046
   0.0010	    0.3792	   -0.2493	   -0.6859	   -0.0059
   0.0010	    0.3798	   -0.2304	    0.6945	   -0.0058
   0.0010	    0.3860	    0.2162	   -0.4169	   -0.0043
   0.0010	    0.3891	    0.2890	   -0.7063	   -0.0046
   0.0010	    0.3913	   -0.1596	   -0.7416	   -0.0047
   0.0010	    0.3965	   -0.3597	   -0.9021	   -0.0172
   0.0010	    0.3966	    0.4530	   -0.2134	   -0.0174
   0.0010	    0.3975	    0.1716	   -0.7226	   -0.0087
   0.0010	    0.3979	    0.6078	   -0.8261	   -0.0081
   0.0010	    0.4020	    0.4480	   -0.5982	   -0.0086
   0.0010	    0.4025	   -0.3337	   -0.7248	   -0.0114
   0.0010	    0.4029	    0.1820	   -0.7158	   -0.0329
   0.0010	    0.4029	    0.6130	   -0.9937	   -0.0326
   0.0010	    0.4080	   -0.5050	   -0.4030	   -0.0050
   0.0010	    0.4104	   -0.7906	   -0.2213	   -0.0057
   0.0010	    0.4112	    0.2234	    0.3708	   -0.0056
   0.0010	    0.4171	   -0.2246	   -0.6277	   -0.0048
   0.0010	    0.4202	   -0.7181	    0.4161	   -0.0056
   0.0010	    0.4221	    0.8770	    0.3072	   -0.0079
   0.0010	    0.4227	   -0.5714	    0.9842	   -0.0095
   0.0010	    0.4232	    0.4294	    0.3253	   -0.0103
   0.0010	    0.4235	    0.8272	    0.1734	   -0.0091
   0.0010	    0.4257	    0.0675	    0.8482	   -0.0055
   0.0010	    0.4290	    0.3561	   -0.5344	   -0.0047
   0.0010	    0.4348	   -0.0356	    0.3509	   -0.0060
   0.0010	    0.4353	   -0.4322	    0.3582	   -0.0061
   0.0010	    0.4380	   -0.3292	    0.6091	   -0.0047
   0.0010	    0.4412	   -0.7072	    0.8227	   -0.0044
   0.0010	    0.4467	   -0.5044	    0.3263	   -0.0046
   0.0010	    0.4484	   -0.1614	    0.6660	   -0.0046
   0.0010	    0.4555	   -0.4585	    0.6943	   -0.0080
   0.0010	    0.4558	    0.8599	   -0.1053	   -0.0083
   0.0010	    0.4567	    0.3023	    0.4896	   -0.0059
   0.0010	    0.4617	   -0.3253	   -0.1389	   -0.0047
   0.0010	    0.4646	   -0.0519	   -0.2794	   -0.0059
   0.0010	    0.4653	   -0.5711	    0.6697	   -0.0059
   0.0010	    0.4679	   -0.0149	    0.3789	   -0.0049
   0.0010	    0.4702	   -0.0648	   -0.2841	   -0.0047
   0.0010	    0.4746	   -0.0194	   -0.7537	   -0.0043
   0.0010	    0.4815	   -0.1210	    0.9957	   -0.0063
   0.0010	    0.4820	   -0.0919	    0.4505	   -0.0063
   0.0010	    0.4867	   -0.9144	    0.4118	   -0.0059
   0.0010	    0.4876	    0.2486	    0.6164	   -0.0068
   0.0010	    0.4883	   -0.2655	   -0.2193	   -0.0065
   0.0010	    0.4916	    0.2040	   -0.7799	   -0.0051
   0.0010	    0.4943	    0.4240	   -0.2953	   -0.0053
   0.0010	    0.4961	    0.6096	    0.1937	   -0.0055
   0.0010	    0.4974	    0.0148	    0.3591	   -0.0052
   0.0010	    0.5059	   -0.4157	   -0.0798	   -0.0057
   0.0010	    0.5072	   -0.1940	   -0.2899	   -0.0113
   0.0010	    0.5074	   -0.2217	    0.1471	   -0.0113
   0.0010	    0.5119	    0.1997	   -0.8135	   -0.0065
   0.0010	    0.5125	    0.0779	    0.6401	   -0.0066
   0.0010	    0.5146	   -0.1025	   -0.9255	   -0.0054
   0.0010	    0.5183	    0.2205	    0.6438	   -0.0054
   0.0010	    0.5206	    0.0606	   -0.5992	   -0.0059
   0.0010	    0.5224	   -0.9651	   -0.3346	   -0.0071
   0.0010	    0.5230	   -0.6910	    0.3361	   -0.0072
   0.0010	    0.5243	   -0.0557	    0.3480	   -0.0060
   0.0010	    0.5309	    0.3053	   -0.8555	   -0.0055
   0.0010	    0.5330	    0.3122	    0.4662	   -0.0061
   0.0010	    0.5347	    0.1139	    0.4836	   -0.0084
   0.0010	    0.5351	    0.5766	   -0.8111	   -0.0083
   0.0010	    0.5381	    0.3368	    0.2864	   -0.0063
   0.0010	    0.5399	    0.6536	    0.4281	   -0.0073
   0.0010	    0.5406	    0.2384	    0.4310	   -0.0074
   0.0010	    0.5427	   -0.3534	   -0.4816	   -0.0082
   0.0010	    0.5433	    0.2411	    0.7442	   -0.0086
   0.0010	    0.5441	   -0.3901	   -0.4025	   -0.0075
   0.0010	    0.5456	   -0.0844	    0.3962	   -0.0063
   0.0010	    0.5492	    0.4420	    0.3012	   -0.0052
   0.0010	    0.5551	    0.0308	   -0.4307	   -0.0058
   0.0010	    0.5567	    0.0406	   -0.2586	   -0.0076
   0.0010	    0.5571	   -0.1649	    0.5050	   -0.0075
   0.0010	    0.5613	   -0.1330	    0.4865	   -0.0060
   0.0010	    0.5627	    0.3251	   -0.5614	   -0.0063
   0.0010	    0.5646	    0.2437	    0.2669	   -0.0077
   0.0010	    0.5650	   -0.1874	   -0.5419	   -0.0076
   0.0010	    0.5675	   -0.2082	   -0.4117	   -0.0055
   0.0010	    0.5719	    0.5822	    0.1295	   -0.0053
   0.0010	    0.5739	    0.6081	   -0.3434	   -0.0053
   0.0010	    0.5772	    0.0080	   -0.9933	   -0.0052
   0.0010	    0.5792	    0.7737	    0.5879	   -0.0051
   0.0010	    0.5890	    0.0168	   -0.4142	   -0.0051
   0.0010	    0.5938	    0.1718	   -0.5869	   -0.0067
   0.0010	    0.5950	    0.6070	   -0.2330	   -0.0076
   0.0010	    0.5962	    0.3831	   -0.5777	   -0.0089
   0.0010	    0.5969	    0.4836	   -1.0248	   -0.0099
   0.0010	    0.5974	   -0.2638	    0.6947	   -0.0095
   0.0010	    0.5987	    0.2963	    0.1151	   -0.0107
   0.0010	    0.5990	    0.0017	    0.4645	   -0.0105
   0.0010	    0.6017	    0.0065	   -0.2663	   -0.0086
   0.0010	    0.6021	   -0.3105	    0.1398	   -0.0085
   0.0010	    0.6080	    0.4774	   -0.3615	   -0.0065
   0.0010	    0.6101	   -0.2702	    0.7181	   -0.0120
   0.0010	    0.6103	    0.2328	   -0.8457	   -0.0121
   0.0010	    0.6113	    0.4010	    0.4846	   -0.0078
   0.0010	    0.6150	   -0.5066	    0.7113	   -0.0096
   0.0010	    0.6154	    0.1014	   -0.0993	   -0.0103
   0.0010	    0.6161	   -0.5906	    0.4799	   -0.0095
   0.0010	    0.6170	   -0.1980	    0.2665	   -0.0087
   0.0010	    0.6180	   -0.0227	    0.2472	   -0.0078
   0.0010	    0.6207	    0.4665	    0.2982	   -0.0073
   0.0010	    0.6218	    0.8225	    0.2126	   -0.0071
   0.0010	    0.6259	    0.0530	    0.1412	   -0.0337
   0.0010	    0.6259	   -0.2854	    0.9195	   -0.0337
   0.0010	    0.6297	    0.1322	   -0.4445	   -0.0084
   0.0010	    0.6308	   -0.1755	    0.5766	   -0.0132
   0.0010	    0.6310	    0.2235	   -0.1116	   -0.0132
   0.0010	    0.6324	   -0.1615	   -0.9269	   -0.0092
   0.0010	    0.6340	    0.0130	    0.2036	   -0.0155
   0.0010	    0.6343	   -0.1084	    1.0417	   -0.0201
   0.0010	    0.6345	   -0.1015	   -0.1416	   -0.0256
   0.0010	    0.6346	    0.1556	   -0.4019	   -0.0255
   0.0010	    0.6348	    0.5671	   -0.4190	   -0.0182
   0.0010	    0.6380	    0.0371	    0.5778	   -0.0080
   0.0010	    0.6388	   -0.7021	    0.7161	   -0.0077
   0.0010	    0.6434	   -0.1443	    0.8401	   -0.0067
   0.0010	    0.6447	   -0.2888	    1.0225	   -0.0068
   0.0010	    0.6471	    0.1290	   -0.4777	   -0.0064
   0.0010	    0.6520	    0.1001	   -0.3192	   -0.0073
   0.0010	    0.6537	   -0.1157	   -0.4986	   -0.0222
   0.0010	    0.6538	   -0.1976	    0.7349	   -0.0222
   0.0010	    0.6555	   -0.2635	    0.4058	   -0.0089
   0.0010	    0.6566	    0.0790	   -0.4506	   -0.0098
   0.0010	    0.6575	    0.0307	   -0.4338	   -0.0126
   0.0010	    0.6577	   -0.1690	   -0.1774	   -0.0124
   0.0010	    0.6594	    0.0510	    0.4357	   -0.0126
   0.0010	    0.6596	   -0.2369	   -0.8130	   -0.0126
   0.0010	    0.6609	   -0.2330	   -0.2976	   -0.0151
   0.0010	    0.6611	    0.1433	    0.0590	   -0.0150
   0.0010	    0.6644	    0.0850	    0.6781	   -0.0112
   0.0010	    0.6648	    0.0139	   -0.1462	   -0.0132
   0.0010	    0.6650	   -0.2552	   -0.3091	   -0.0119
   0.0010	    0.6673	    0.2471	   -0.4480	   -0.0072
   0.0010	    0.6694	   -0.4482	    0.4675	   -0.0067
   0.0010	    0.6733	    0.0255	    0.9663	   -0.0070
   0.0010	    0.6745	   -0.2189	   -0.2366	   -0.0074
   0.0010	    0.6757	   -0.1408	    0.6539	   -0.0071
   0.0010	    0.6798	    0.4435	   -0.5599	   -0.0080
   0.0010	    0.6809	    0.1448	    0.8134	   -0.0200
   0.0010	    0.6810	   -0.0032	   -0.3961	   -0.0200
   0.0010	    0.6823	    0.1601	   -0.8496	   -0.0151
   0.0010	    0.6824	    0.6558	    0.5168	   -0.0149
   0.0010	    0.6876	   -0.3933	    0.1337	   -0.0073
   0.0010	    0.6885	   -0.7551	   -0.8760	   -0.0076
   0.0010	    0.6896	    0.6919	   -0.9935	   -0.0070
   0.0010	    0.6917	    0.7027	   -0.5269	   -0.0061
   0.0010	    0.6986	    0.4050	    0.3092	   -0.0081
   0.0010	    0.6990	   -0.3463	   -0.1732	   -0.0083
   0.0010	    0.7006	   -0.5682	   -0.6003	   -0.0067
   0.0010	    0.7029	    0.3188	   -0.6899	   -0.0064
   0.0010	    0.7052	   -0.3492	   -0.5234	   -0.0063
   0.0010	    0.7078	   -0.1648	    0.5243	   -0.0066
   0.0010	    0.7093	    0.0499	    0.1678	   -0.0065
   0.0010	    0.7132	   -0.3641	   -0.6167	   -0.0072
   0.0010	    0.7145	   -0.1142	    0.9043	   -0.0102
   0.0010	    0.7148	   -0.5279	    0.6534	   -0.0101
   0.0010	    0.7190	   -0.1251	   -0.4773	   -0.0141
   0.0010	    0.7193	    0.2510	   -0.3589	   -0.1782
   0.0010	    0.7193	   -0.4896	    0.3148	   -0.1781
   0.0010	    0.7207	    0.5129	   -0.1636	   -0.0116
   0.0010	    0.7214	   -0.1785	    0.2726	   -0.3014
   0.0010	    0.7214	    0.0904	   -0.8007	   -0.3014
   0.0010	    0.7221	   -0.0793	    0.3104	   -0.0131
   0.0010	    0.7225	    0.2741	    0.5729	   -0.0124
   0.0010	    0.7234	   -0.2334	    0.1366	   -0.0089
   0.0010	    0.7260	   -0.4520	   -0.6714	   -0.0065
   0.0010	    0.7347	    0.0791	   -0.3172	   -0.0077
   0.0010	    0.7354	   -0.0935	   -0.3878	   -0.0086
   0.0010	    0.7361	   -0.0314	   -0.5105	   -0.0084
   0.0010	    0.7374	   -0.6313	    0.1626	   -0.0076
   0.0010	    0.7391	   -0.5417	   -0.2450	   -0.0078
   0.0010	    0.7401	   -0.3884	   -0.4341	   -0.0080
   0.0010	    0.7415	    0.6776	    0.4506	   -0.0132
   0.0010	    0.7416	    0.4503	    0.6149	   -0.0131
   0.0010	    0.7456	   -0.3232	    0.4543	   -0.0059
   0.0010	    0.7489	    0.4875	    0.0725	   -0.0236
   0.0010	    0.7490	   -0.3725	    0.3950	   -0.0236
   0.0010	    0.7629	   -0.1577	    0.5910	   -0.0101
   0.0010	    0.7631	    0.4671	   -0.5785	   -0.0104
   0.0010	    0.7641	    0.3841	   -0.7163	   -0.0068
   0.0010	    0.7677	   -0.7364	    0.3001	   -0.0070
   0.0010	    0.7685	   -0.0721	   -0.7977	   -0.0073
   0.0010	    0.7698	   -0.2764	    0.7875	   -0.0068
   0.0010	    0.7711	    0.1309	    0.4065	   -0.0063
   0.0010	    0.7769	   -0.5994	   -0.5029	   -0.0059
   0.0010	    0.7785	    0.2360	   -0.3811	   -0.0064
   0.0010	    0.7796	   -0.5007	    0.4088	   -0.0061
   0.0010	    0.7863	   -0.6459	    0.2085	   -0.0053
   0.0010	    0.7944	    0.2709	   -0.5457	   -0.0082
   0.0010	    0.7955	    0.2615	    0.0950	   -0.0148
   0.0010	    0.7956	    0.7250	   -0.4895	   -0.0149
   0.0010	    0.7966	    0.5037	    0.7001	   -0.0106
   0.0010	    0.7973	   -0.3929	   -0.2386	   -0.0111
   0.0010	    0.7981	   -0.0133	   -0.3059	   -0.0146
   0.0010	    0.7982	    0.2732	    0.1661	   -0.0143
   0.0010	    0.8001	   -0.0416	   -0.9342	   -0.0095
   0.0010	    0.8015	    0.4396	   -0.5358	   -0.0156
   0.0010	    0.8018	   -0.4839	   -0.3170	   -0.0578
   0.0010	    0.8018	    0.0338	    0.5862	   -0.0584
   0.0010	    0.8020	    0.1845	    0.3147	   -0.0210
   0.0010	    0.8037	   -0.5309	    0.7412	   -0.0109
   0.0010	    0.8040	   -0.2901	    0.4477	   -0.0105
   0.0010	    0.8095	   -0.2646	   -0.6558	   -0.0190
   0.0010	    0.8096	    0.7249	    0.2177	   -0.0190
   0.0010	    0.8141	   -0.2409	   -0.5345	   -0.0114
   0.0010	    0.8143	    0.3360	    0.5851	   -0.0116
   0.0010	    0.8152	    0.0361	   -0.2198	   -0.0085
   0.0010	    0.8180	   -0.0003	   -0.6054	   -0.1099
   0.0010	    0.8180	    0.7409	   -0.1955	   -0.1100
   0.0010	    0.8183	   -0.1825	   -0.5875	   -0.0122
   0.0010	    0.8208	   -0.3927	   -0.3285	   -0.0070
   0.0010	    0.8232	   -0.5731	    0.1915	   -0.0067
   0.0010	    0.8281	    0.1883	   -0.5238	   -0.0155
   0.0010	    0.8282	    0.2385	    0.2748	   -0.0163
   0.0010	    0.8286	    0.1486	    0.5580	   -0.0117
   0.0010	    0.8293	    0.3444	   -0.4649	   -0.0092
   0.0010	    0.8314	    0.0404	    0.2126	   -0.0093
   0.0010	    0.8318	   -0.1668	    0.4265	   -0.0093
   0.0010	    0.8335	   -0.4307	   -0.3454	   -0.0071
   0.0010	    0.8380	    0.2819	   -0.3018	   -0.0077
   0.0010	    0.8387	    0.2341	   -0.5128	   -0.0079
   0.0010	    0.8402	    0.4306	   -0.5315	   -0.0073
   0.0010	    0.8425	    0.2302	   -0.4128	   -0.0113
   0.0010	    0.8427	    0.1731	    0.3107	   -0.0114
   0.0010	    0.8438	   -0.5037	    0.3727	   -0.0075
   0.0010	    0.8486	   -0.7358	   -0.4267	   -0.0069
   0.0010	    0.8496	   -0.0199	   -0.6705	   -0.0070
   0.0010	    0.8514	   -0.4459	   -0.6843	   -0.0065
   0.0010	    0.8549	   -0.4821	    0.3381	   -0.0070
   0.0010	    0.8558	    0.1474	    0.4737	   -0.0071
   0.0010	    0.8591	    0.4280	    1.0166	   -0.0090
   0.0010	    0.8595	    0.4584	   -0.2851	   -0.0094
   0.0010	    0.8605	    0.0205	   -0.6043	   -0.0078
   0.0010	    0.8622	   -0.0904	   -0.3477	   -0.0070
   0.0010	    0.8639	   -0.5774	   -0.4236	   -0.0066
   0.0010	    0.8684	   -0.6849	   -0.4541	   -0.0078
   0.0010	    0.8690	   -0.4317	   -0.3727	   -0.0089
   0.0010	    0.8696	    0.3426	    0.1361	   -0.0083
   0.0010	    0.8729	   -0.0015	   -0.6300	   -0.0065
   0.0010	    0.8749	   -0.7125	   -0.4746	   -0.0088
   0.0010	    0.8753	    0.1726	    0.7537	   -0.0087
   0.0010	    0.8773	   -0.3480	    0.8314	   -0.0063
   0.0010	    0.8799	    0.7404	    0.5361	   -0.0057
   0.0010	    0.8871	    0.1173	   -0.2708	   -0.0060
   0.0010	    0.8889	    0.3649	    0.2862	   -0.0080
   0.0010	    0.8894	   -0.1641	   -0.3871	   -0.0080
   0.0010	    0.8910	   -0.0553	   -0.7379	   -0.0062
   0.0010	    0.8936	    0.2037	    0.2468	   -0.0055
   0.0010	    0.9032	   -0.3588	   -1.0172	   -0.0061
   0.0010	    0.9043	   -0.4610	    0.2674	   -0.0063
   0.0010	    0.9074	   -0.2729	   -0.6789	   -0.0062
   0.0010	    0.9093	    0.4355	    0.1122	   -0.0092
   0.0010	    0.9096	   -0.4137	    0.3438	   -0.0091
   0.0010	    0.9136	   -0.2624	   -0.6857	   -0.0064
   0.0010	    0.9153	   -0.0311	   -0.3679	   -0.0067
   0.0010	    0.9181	    0.0464	    0.1750	   -0.0215
   0.0010	    0.9181	    0.2545	    0.7054	   -0.0217
   0.0010	    0.9187	    0.0980	    0.4765	   -0.0090
   0.0010	    0.9231	    0.3129	    0.2873	   -0.0108
   0.0010	    0.9233	   -0.2813	   -0.2726	   -0.0108
   0.0010	    0.9263	    0.3975	   -0.2619	   -0.0067
   0.0010	    0.9289	   -0.0968	    0.7355	   -0.0074
   0.0010	    0.9304	   -0.1825	    0.2021	   -0.0088
   0.0010	    0.9312	    0.2045	   -0.5799	   -0.0119
   0.0010	    0.9315	   -0.1603	   -0.8292	   -0.0123
   0.0010	    0.9320	   -0.1066	   -0.4525	   -0.0098
   0.0010	    0.9355	    0.1102	    0.6136	   -0.0071
   0.0010	    0.9370	   -0.3125	   -0.6050	   -0.0072
   0.0010	    0.9396	   -0.2557	   -0.3750	   -0.0150
   0.0010	    0.9397	   -0.0625	   -0.0996	   -0.0150
   0.0010	    0.9415	   -0.0820	    0.3133	   -0.0073
   0.0010	    0.9443	    0.3545	   -0.2632	   -0.0076
   0.0010	    0.9455	    0.2811	   -0.3383	   -0.0084
   0.0010	    0.9465	    0.4219	   -0.7024	   -0.0091
   0.0010	    0.9474	    0.0333	    0.4528	   -0.0399
   0.0010	    0.9475	   -0.2290	   -0.4372	   -0.0399
   0.0010	    0.9484	    0.5385	    0.6715	   -0.0082
   0.0010	    0.9564	    0.0326	    0.6560	   -0.0217
   0.0010	    0.9565	    0.4750	   -0.4967	   -0.0218
   0.0010	    0.9582	    0.0839	   -0.2217	   -0.0064
   0.0010	    0.9638	    0.2829	    0.4861	   -0.0132
   0.0010	    0.9639	    0.5862	   -0.7141	   -0.0132
   0.0010	    0.9673	   -0.3819	    0.5269	   -0.0080
   0.0010	    0.9678	    0.1609	   -0.2890	   -0.0081
   0.0010	    0.9699	   -0.4383	    0.8559	   -0.0077
   0.0010	    0.9706	    0.4026	   -0.5558	   -0.0075
   0.0010	    0.9739	    0.1227	   -0.4648	   -0.0062
   0.0010	    0.9786	   -0.0890	    0.2831	   -0.0071
   0.0010	    0.9805	   -0.5365	   -0.6020	   -0.0101
   0.0010	    0.9810	   -0.0293	    0.5928	   -0.0123
   0.0010	    0.9813	   -0.1440	   -0.5494	   -0.0118
   0.0010	    0.9828	   -0.0517	    0.2491	   -0.0251
   0.0010	    0.9829	   -0.0235	    0.5568	   -0.0292
   0.0010	    0.9830	    0.1249	    0.4882	   -0.0221
   0.0010	    0.9852	   -0.1663	    0.5823	   -0.0102
   0.0010	    0.9855	    0.4337	   -0.4303	   -0.0100
   0.0010	    0.9909	   -0.1688	   -0.1855	   -0.0057
   0.0010	    0.9981	    0.6823	   -0.4605	   -0.0058
   0.0010	    1.0022	   -0.4195	    0.4646	   -0.0096
   0.0010	    1.0026	    0.4438	    0.4793	   -0.0105
   0.0010	    1.0030	    0.1540	   -0.2488	   -0.0090
   0.0010	    1.0079	   -0.3188	    0.5952	   -0.0102
   0.0010	    1.0082	    0.0758	    0.5614	   -0.0103
   0.0010	    1.0109	    0.8544	   -0.2066	   -0.0377
   0.0010	    1.0109	   -0.7584	    0.4022	   -0.0398
   0.0010	    1.0110	   -0.6331	    0.5461	   -0.0219
   0.0010	    1.0117	   -0.1018	   -0.2832	   -0.0103
   0.0010	    1.0142	    0.0302	    0.9405	   -0.0078
   0.0010	    1.0162	    0.2454	    0.2959	   -0.0093
   0.0010	    1.0168	   -0.1306	   -0.1128	   -0.0094
   0.0010	    1.0184	   -0.1112	   -0.6697	   -0.0084
   0.0010	    1.0200	   -0.1648	   -0.4908	   -0.0119
   0.0010	    1.0202	   -0.3129	    0.1212	   -0.0120
   0.0010	    1.0213	    0.0656	   -0.3468	   -0.0085
   0.0010	    1.0236	   -0.2827	    0.5460	   -0.0075
   0.0010	    1.0266	    0.1563	    0.4407	   -0.0090
   0.0010	    1.0275	    0.0952	   -0.3389	   -0.0174
   0.0010	    1.0277	    0.4232	   -0.6612	   -0.0174
   0.0010	    1.0288	    0.5694	    0.7626	   -0.0097
   0.0010	    1.0297	   -0.2515	   -0.8181	   -0.0098
   0.0010	    1.0305	    0.3984	    0.2323	   -0.0109
   0.0010	    1.0309	    0.0503	    0.8844	   -0.0104
   0.0010	    1.0347	    0.1388	    0.4954	   -0.0072
   0.0010	    1.0358	    0.0872	   -0.1424	   -0.0070
   0.0010	    1.0424	    0.0765	   -0.3102	   -0.0075
   0.0010	    1.0445	   -0.6029	   -0.4261	   -0.0174
   0.0010	    1.0447	   -0.0817	    0.4564	   -0.0264
   0.0010	    1.0448	   -0.0603	    0.5839	   -0.0329
   0.0010	    1.0449	    0.0279	   -0.3098	   -0.0292
   0.0010	    1.0455	   -0.2584	   -0.6106	   -0.0218
   0.0010	    1.0456	    0.0593	    0.4668	   -0.0211
   0.0010	    1.0523	    0.2247	   -0.5952	   -0.0064
   0.0010	    1.0550	    0.1791	   -0.1560	   -0.0073
   0.0010	    1.0561	    0.2471	   -0.8622	   -0.0076
   0.0010	    1.0582	   -0.4379	   -0.3104	   -0.0138
   0.0010	    1.0583	   -0.0801	   -0.3273	   -0.0138
   0.0010	    1.0622	    0.2338	    0.4506	   -0.0096
   0.0010	    1.0628	    0.3127	    0.6959	   -0.0143
   0.0010	    1.0630	    0.5288	    0.1293	   -0.0142
   0.0010	    1.0636	    0.6554	    0.4450	   -0.0094
   0.0010	    1.0656	   -0.4602	    0.5975	   -0.0072
   0.0010	    1.0684	    0.1295	   -0.2358	   -0.0071
   0.0010	    1.0702	   -0.0314	    0.5035	   -0.0080
   0.0010	    1.0710	    0.0086	   -0.2843	   -0.0083
   0.0010	    1.0719	    0.1883	   -0.6255	   -0.0076
   0.0010	    1.0741	    0.4002	   -0.4321	   -0.0064
   0.0010	    1.0787	    0.0454	   -0.2234	   -0.0059
   0.0010	    1.0832	   -0.5363	   -0.1956	   -0.0073
   0.0010	    1.0843	    0.1535	    0.7075	   -0.0088
   0.0010	    1.0848	   -0.0871	    0.3094	   -0.0086
   0.0010	    1.0874	    0.1731	    0.7211	   -0.0142
   0.0010	    1.0875	   -0.2649	   -0.8131	   -0.0143
   0.0010	    1.0885	   -0.3712	   -0.0814	   -0.0080
   0.0010	    1.0915	   -0.0478	    0.1963	   -0.0140
   0.0010	    1.0917	   -0.0448	   -0.1229	   -0.0140
   0.0010	    1.0962	   -0.0859	   -0.3311	   -0.0156
   0.0010	    1.0963	   -0.1015	    0.3490	   -0.0158
   0.0010	    1.0973	    0.1777	   -0.1355	   -0.0106
   0.0010	    1.0977	    0.1425	   -0.2486	   -0.0108
   0.0010	    1.0982	    0.0140	    0.7216	   -0.0091
   0.0010	    1.1039	   -0.0485	   -0.3867	   -0.0120
   0.0010	    1.1041	    0.0364	   -0.2424	   -0.0120
   0.0010	    1.1082	    0.0511	    0.2770	   -0.0059
   0.0010	    1.1104	   -0.0614	   -0.3785	   -0.0060
   0.0010	    1.1132	    0.2783	   -0.3684	   -0.0062
   0.0010	    1.1150	   -0.5489	   -0.2639	   -0.0064
   0.0010	    1.1169	   -0.2772	   -0.7673	   -0.0064
   0.0010	    1.1191	   -0.3966	   -0.4508	   -0.0067
   0.0010	    1.1202	    0.1345	    0.5472	   -0.0067
   0.0010	    1.1223	    0.0630	    0.3960	   -0.0061
   0.0010	    1.1252	   -0.4489	    0.5533	   -0.0060
   0.0010	    1.1285	   -0.0627	   -0.6078	   -0.0071
   0.0010	    1.1294	    0.1768	   -0.7092	   -0.0082
   0.0010	    1.1302	    0.1519	    0.5299	   -0.0087
   0.0010	    1.1308	   -0.0527	    0.0965	   -0.0083
   0.0010	    1.1322	    0.7732	    0.4036	   -0.0070
   0.0010	    1.1334	    0.1204	    0.3070	   -0.0063
   0.0010	    1.1423	   -0.4193	   -0.2240	   -0.0048
   0.0010	    1.1477	    0.2659	    0.4771	   -0.0049
   0.0010	    1.1509	   -0.2669	    0.6832	   -0.0052
   0.0010	    1.1542	   -0.3644	    0.9476	   -0.0060
   0.0010	    1.1557	    0.5606	   -0.4609	   -0.0142
   0.0010	    1.1558	   -0.3117	   -0.6790	   -0.0141
   0.0010	    1.1602	   -0.2532	    0.5991	   -0.0052
   0.0010	    1.1646	   -0.2214	    0.7490	   -0.0054
   0.0010	    1.1676	   -0.0463	   -0.3438	   -0.0098
   0.0010	    1.1679	   -0.0420	   -0.5186	   -0.0103
   0.0010	    1.1685	    0.0765	    0.2332	   -0.0075
   0.0010	    1.1731	    0.2989	   -0.4243	   -0.0070
   0.0010	    1.1740	   -0.2093	    0.7040	   -0.0550
   0.0010	    1.1741	    0.3313	    0.6873	   -0.0550
   0.0010	    1.1795	    0.1028	   -0.6047	   -0.0053
   0.0010	    1.1814	   -0.2151	   -0.5639	   -0.0053
   0.0010	    1.1850	    0.3479	   -0.5918	   -0.0050
   0.0010	    1.1880	   -0.0481	    0.4920	   -0.0048
   0.0010	    1.1934	    0.4574	   -0.2409	   -0.0047
   0.0010	    1.2014	    0.1142	   -0.3377	   -0.0062
   0.0010	    1.2029	    0.0566	    0.6217	   -0.0082
   0.0010	    1.2034	    0.0210	    0.3561	   -0.0085
   0.0010	    1.2047	   -0.3487	    0.5393	   -0.0083
   0.0010	    1.2055	   -0.0795	    0.6742	   -0.0090
   0.0010	    1.2062	   -0.4671	   -0.6350	   -0.0095
   0.0010	    1.2066	    0.4919	    0.4557	   -0.0088
   0.0010	    1.2087	    0.2698	    0.3454	   -0.0062
   0.0010	    1.2120	    0.0819	   -0.1860	   -0.0071
   0.0010	    1.2125	    0.1799	   -0.4272	   -0.0070
   0.0010	    1.2201	   -0.2832	    0.3445	   -0.0047
   0.0010	    1.2247	   -0.4319	    0.2271	   -0.0049
   0.0010	    1.2297	    0.5113	   -0.5620	   -0.0085
   0.0010	    1.2301	   -0.2473	   -0.5735	   -0.0088
   0.0010	    1.2315	    0.1211	   -0.4053	   -0.0100
   0.0010	    1.2317	   -0.5142	    0.3723	   -0.0099
   0.0010	    1.2343	    0.0184	    0.5041	   -0.0057
   0.0010	    1.2373	   -0.0308	    0.0215	   -0.0055
   0.0010	    1.2393	    0.1259	    0.3749	   -0.0053
   0.0010	    1.2434	   -0.5252	    0.3269	   -0.0057
   0.0010	    1.2443	   -0.2342	   -0.3841	   -0.0056
   0.0010	    1.2554	   -0.6852	    0.3483	   -0.0052
   0.0010	    1.2584	   -0.0553	   -0.3019	   -0.0063
   0.0010	    1.2597	   -0.2366	    0.3071	   -0.0073
   0.0010	    1.2607	    0.0102	   -0.3265	   -0.0091
   0.0010	    1.2612	   -0.3844	    0.5060	   -0.0100
   0.0010	    1.2616	    0.4741	   -0.1445	   -0.0089
   0.0010	    1.2675	   -0.2977	    0.2921	   -0.0059
   0.0010	    1.2693	    0.3653	    0.5521	   -0.0062
   0.0010	    1.2714	    0.1330	   -0.2564	   -0.0065
   0.0010	    1.2731	   -0.4837	   -0.1397	   -0.0068
   0.0010	    1.2752	   -0.0712	   -0.5537	   -0.0091
   0.0010	    1.2756	    0.1713	   -0.2474	   -0.0099
   0.0010	    1.2763	    0.1313	   -0.4074	   -0.0096
   0.0010	    1.2769	    0.0186	   -0.3491	   -0.0087
   0.0010	    1.2791	   -0.0825	   -0.6501	   -0.0071
   0.0010	    1.2804	   -0.1094	    0.5576	   -0.0075
   0.0010	    1.2811	   -0.3416	    0.4552	   -0.0070
   0.0010	    1.2889	    0.1654	    0.5120	   -0.0066
   0.0010	    1.2900	   -0.0434	    0.2852	   -0.0071
   0.0010	    1.2916	   -0.1940	   -0.1861	   -0.0104
   0.0010	    1.2918	    0.2884	   -0.3894	   -0.0104
   0.0010	    1.2943	    0.3023	    0.2474	   -0.0075
   0.0010	    1.2953	    0.5956	    0.2070	   -0.0103
   0.0010	    1.2955	    0.0997	   -0.0647	   -0.0101
   0.0010	    1.2970	    0.3465	    0.1742	   -0.0065
   0.0010	    1.3017	    0.2110	    0.3621	   -0.0052
   0.0010	    1.3095	    0.0457	   -0.6888	   -0.0145
   0.0010	    1.3096	    0.4752	   -0.4625	   -0.0155
   0.0010	    1.3100	   -0.1047	   -0.2044	   -0.0109
   0.0010	    1.3120	    0.1935	    0.7293	   -0.0093
   0.0010	    1.3125	    0.1423	   -0.3377	   -0.0136
   0.0010	    1.3127	   -0.4374	   -0.4111	   -0.0130
   0.0010	    1.3155	    0.5783	   -0.2407	   -0.0058
   0.0010	    1.3196	    0.2395	   -0.5653	   -0.0055
   0.0010	    1.3220	    0.5386	   -0.6843	   -0.0059
   0.0010	    1.3231	    0.5295	    0.1749	   -0.0058
   0.0010	    1.3279	   -0.4541	   -0.4871	   -0.0050
   0.0010	    1.3327	    0.2190	    0.3856	   -0.0053
   0.0010	    1.3357	    0.3276	    0.6821	   -0.0066
   0.0010	    1.3372	    0.3267	    0.6294	   -0.0206
   0.0010	    1.3373	    0.4523	   -0.3317	   -0.2874
   0.0010	    1.3373	    0.3626	   -0.4339	   -0.2872
   0.0010	    1.3418	   -0.0583	    0.4156	   -0.0053
   0.0010	    1.3472	   -0.1584	   -0.6492	   -0.0061
   0.0010	    1.3485	    0.4709	   -0.2630	   -0.0067
   0.0010	    1.3503	   -0.2719	   -0.2322	   -0.0132
   0.0010	    1.3505	   -0.2650	   -0.4935	   -0.0135
   0.0010	    1.3512	    0.0973	   -0.4852	   -0.0092
   0.0010	    1.3519	    0.1263	    0.9866	   -0.0085
   0.0010	    1.3526	    0.2508	   -0.2147	   -0.0073
   0.0010	    1.3594	    0.2656	   -0.5065	   -0.0046
   0.0010	    1.3684	    0.1413	    0.3104	   -0.0049
   0.0010	    1.3710	    0.3775	   -0.2751	   -0.0070
   0.0010	    1.3715	    0.0986	    0.1410	   -0.0070
   0.0010	    1.3769	   -0.1117	    0.5441	   -0.0056
   0.0010	    1.3791	   -0.3868	   -0.5194	   -0.0068
   0.0010	    1.3803	    0.2378	   -0.6666	   -0.0092
   0.0010	    1.3807	    0.6648	   -0.4814	   -0.0109
   0.0010	    1.3811	    0.1074	    0.6946	   -0.0104
   0.0010	    1.3818	   -0.5646	   -0.3126	   -0.0077
   0.0010	    1.3881	    0.2716	    0.7739	   -0.0059
   0.0010	    1.3891	   -0.0636	   -0.7519	   -0.0060
   0.0010	    1.3907	    0.0776	    0.2277	   -0.0054
   0.0010	    1.3981	    0.2320	    0.5018	   -0.0060
   0.0010	    1.3987	    0.3017	   -0.6202	   -0.0061
   0.0010	    1.4038	    0.3382	    0.5165	   -0.0051
   0.0010	    1.4062	   -0.2160	    0.2030	   -0.0054
   0.0010	    1.4091	    0.4522	   -0.5292	   -0.0057
   0.0010	    1.4107	   -0.0578	    0.5715	   -0.0058
   0.0010	    1.4144	    0.0308	   -0.0901	   -0.0068
   0.0010	    1.4157	   -0.0479	   -0.2206	   -0.0096
   0.0010	    1.4161	   -0.2762	   -0.1255	   -0.0106
   0.0010	    1.4165	    0.5764	   -0.2437	   -0.0092
   0.0010	    1.4191	   -0.3000	    0.4185	   -0.0078
   0.0010	    1.4199	    0.7523	    0.3319	   -0.0091
   0.0010	    1.4205	    0.2361	   -0.5780	   -0.0092
   0.0010	    1.4213	   -0.0736	    0.4164	   -0.0085
   0.0010	    1.4221	   -0.1781	   -0.5443	   -0.0075
   0.0010	    1.4277	    0.2732	   -0.5123	   -0.0199
   0.0010	    1.4277	    0.7161	    0.5422	   -0.0202
   0.0010	    1.4283	   -0.2898	    0.4590	   -0.0088
   0.0010	    1.4293	    0.2298	   -0.5209	   -0.0068
   0.0010	    1.4332	   -0.1934	    0.3804	   -0.0049
   0.0010	    1.4421	    0.2461	   -0.5012	   -0.0047
   0.0010	    1.4441	    0.1631	    0.3742	   -0.0048
   0.0010	    1.4484	    0.3979	   -0.2578	   -0.0045
   0.0010	    1.4543	    0.2863	   -0.5875	   -0.0049
   0.0010	    1.4573	   -0.4803	   -0.7707	   -0.0054
   0.0010	    1.4597	   -0.2780	   -0.6085	   -0.0073
   0.0010	    1.4603	   -0.3057	    0.1173	   -0.0080
   0.0010	    1.4609	   -0.0330	   -0.2796	   -0.0072
   0.0010	    1.4660	    0.3867	   -0.4259	   -0.0082
   0.0010	    1.4665	    0.5472	   -0.4631	   -0.0090
   0.0010	    1.4671	    0.6206	    0.2259	   -0.0078
   0.0010	    1.4689	    0.0334	    0.5679	   -0.0063
   0.0010	    1.4704	   -0.0314	   -0.3436	   -0.0058
   0.0010	    1.4760	    0.4183	   -0.5879	   -0.0058
   0.0010	    1.4780	    0.1921	    0.0679	   -0.0073
   0.0010	    1.4789	   -0.4693	    0.2519	   -0.0165
   0.0010	    1.4790	    0.1411	    0.1848	   -0.0164
   0.0010	    1.4807	    0.2496	    0.6043	   -0.0067
   0.0010	    1.4821	   -0.3092	   -0.1711	   -0.0063
   0.0010	    1.4842	    0.0322	    0.3249	   -0.0056
   0.0010	    1.4887	   -0.0561	    0.3047	   -0.0057
   0.0010	    1.4905	    0.0974	    0.6287	   -0.0070
   0.0010	    1.4911	   -0.2268	    0.7086	   -0.0069
   0.0010	    1.4943	    0.3247	   -0.3018	   -0.0064
   0.0010	    1.4953	    0.1055	   -0.5018	   -0.0070
   0.0010	    1.4960	   -0.4668	   -0.0982	   -0.0065
   0.0010	    1.5007	   -0.1094	   -0.9182	   -0.0089
   0.0010	    1.5009	   -0.0515	   -0.3115	   -0.0089
   0.0010	    1.5058	    0.3556	   -0.3851	   -0.0049
   0.0010	    1.5097	   -0.3747	   -0.5409	   -0.0067
   0.0010	    1.5102	    0.4611	    0.1680	   -0.0069
   0.0010	    1.5124	   -0.3095	    0.4735	   -0.0072
   0.0010	    1.5129	    0.0630	   -0.5568	   -0.0071
   0.0010	    1.5158	   -0.2428	   -0.6618	   -0.0048
   0.0010	    1.5216	   -0.1230	    0.3318	   -0.0044
   0.0010	    1.5288	    0.3964	   -0.4023	   -0.0063
   0.0010	    1.5298	    0.2563	   -0.6106	   -0.0087
   0.0010	    1.5302	    0.4224	    0.3938	   -0.0087
   0.0010	    1.5313	    0.3410	    0.1528	   -0.0072
   0.0010	    1.5321	    0.3128	    0.3509	   -0.0067
   0.0010	    1.5338	    0.3051	    0.1781	   -0.0055
   0.0010	    1.5387	    0.1191	    0.2445	   -0.0050
   0.0010	    1.5401	    0.5020	    0.3071	   -0.0051
   0.0010	    1.5422	    0.3070	    0.2774	   -0.0047
   0.0010	    1.5480	    0.1473	   -0.5608	   -0.0053
   0.0010	    1.5488	   -0.8361	    0.2261	   -0.0053
   0.0010	    1.5524	   -0.0208	   -0.7189	   -0.0041
   0.0010	    1.5599	    0.2422	   -0.3284	   -0.0037
   0.0010	    1.5688	   -0.0378	   -0.0270	   -0.0063
   0.0010	    1.5692	   -0.2558	    0.3436	   -0.0063
   0.0010	    1.5722	   -0.3772	    0.6713	   -0.0046
   0.0010	    1.5739	   -0.2857	   -0.1735	   -0.0045
   0.0010	    1.5790	    0.2660	    0.4884	   -0.0043
   0.0010	    1.5817	   -0.0879	   -0.5994	   -0.0061
   0.0010	    1.5822	   -0.0278	    0.1228	   -0.0061
   0.0010	    1.5857	    0.1093	    0.4972	   -0.0041
   0.0010	    1.5902	    0.6362	    0.2419	   -0.0038
   0.0010	    1.5975	   -0.4116	    0.3062	   -0.0046
   0.0010	    1.5983	   -0.3684	    0.1429	   -0.0046
   0.0010	    1.6062	    0.0369	    0.1462	   -0.0035
   0.0010	    1.6164	   -0.2100	   -0.0965	   -0.0092
   0.0010	    1.6166	    0.0044	    0.1074	   -0.0093
   0.0010	    1.6204	    0.1626	    0.3621	   -0.0061
   0.0010	    1.6210	    0.2698	    0.2419	   -0.0062
   0.0010	    1.6233	   -0.4852	    0.3992	   -0.0056
   0.0010	    1.6241	   -0.0538	   -0.2529	   -0.0055
   0.0010	    1.6291	   -0.0060	    0.4765	   -0.0049
   0.0010	    1.6305	   -0.4039	    0.2172	   -0.0098
   0.0010	    1.6307	    0.0428	    0.8333	   -0.0098
   0.0010	    1.6375	    0.3011	   -0.3173	   -0.0042
   0.0010	    1.6391	   -0.0009	   -0.1456	   -0.0042
   0.0010	    1.6422	    0.1793	   -0.1376	   -0.0037
   0.0010	    1.6510	   -0.1593	    0.2659	   -0.0033
   0.0010	    1.6556	   -0.1629	    0.3003	   -0.0033
   0.0010	    1.6650	    0.2236	   -0.3743	   -0.0032
   0.0010	    1.6715	    0.0592	   -0.6109	   -0.0033
   0.0010	    1.6775	   -0.3065	    0.8196	   -0.0038
   0.0010	    1.6796	   -0.1829	    0.3158	   -0.0046
   0.0010	    1.6805	    0.0802	   -0.1758	   -0.0044
   0.0010	    1.6916	    0.0166	   -0.1626	   -0.0049
   0.0010	    1.6922	   -0.4099	    0.4165	   -0.0049
   0.0010	    1.6960	    0.3840	   -0.4102	   -0.0046
   0.0010	    1.6969	   -0.1736	    0.3985	   -0.0046
   0.0010	    1.7073	    0.6245	   -0.1085	   -0.0038
   0.0010	    1.7103	   -0.0490	    0.2230	   -0.0084
   0.0010	    1.7105	   -0.1276	    0.2046	   -0.0084
   0.0010	    1.7137	    0.2572	    0.3064	   -0.0037
   0.0010	    1.7223	    0.1698	    0.3682	   -0.0037
   0.0010	    1.7245	   -0.4553	   -0.4844	   -0.0037
   0.0010	    1.7342	    0.1892	    0.5006	   -0.0047
   0.0010	    1.7352	   -0.0355	   -0.5306	   -0.0051
   0.0010	    1.7368	    0.3886	    0.4571	   -0.0052
   0.0010	    1.7377	   -0.4913	   -0.5625	   -0.0049
   0.0010	    1.7442	   -0.1128	   -0.3560	   -0.0037
   0.0010	    1.7537	    0.5337	   -0.2227	   -0.0081
   0.0010	    1.7540	    0.0402	   -0.2172	   -0.0082
   0.0010	    1.7559	   -0.3697	   -0.3957	   -0.0069
   0.0010	    1.7566	    0.2646	    0.2646	   -0.0074
   0.0010	    1.7576	    0.3115	    0.5609	   -0.0073
   0.0010	    1.7588	   -0.6711	   -0.1634	   -0.0136
   0.0010	    1.7589	    0.1365	   -0.1188	   -0.0136
   0.0010	    1.7597	    0.0128	    0.2443	   -0.0070
   0.0010	    1.7634	    0.1620	   -0.5770	   -0.0051
   0.0010	    1.7644	   -0.1011	    0.5278	   -0.0049
   0.0010	    1.7738	    0.4747	    0.6585	   -0.0044
   0.0010	    1.7753	    0.4519	   -0.3512	   -0.0050
   0.0010	    1.7764	   -0.2548	   -0.5002	   -0.0048
   0.0010	    1.7811	   -0.1780	   -0.8162	   -0.0039
   0.0010	    1.7858	   -0.0739	    0.1258	   -0.0041
   0.0010	    1.7887	    0.3362	    0.4133	   -0.0101
   0.0010	    1.7889	   -0.4433	    0.4867	   -0.0101
   0.0010	    1.7931	    0.0286	   -0.1188	   -0.0040
   0.0010	    1.7964	   -0.0543	    0.4152	   -0.0040
   0.0010	    1.8006	   -0.1930	   -0.1599	   -0.0040
   0.0010	    1.8047	    0.4142	    0.4238	   -0.0061
   0.0010	    1.8054	   -0.0471	   -0.2366	   -0.0083
   0.0010	    1.8057	   -0.3096	    0.3103	   -0.0079
   0.0010	    1.8076	   -0.0228	   -0.2850	   -0.0048
   0.0010	    1.8096	    0.2390	   -0.2870	   -0.0042
   0.0010	    1.8152	    0.3298	    0.4549	   -0.0034
   0.0010	    1.8218	   -0.2613	   -0.6032	   -0.0031
   0.0010	    1.8440	   -0.4068	    0.2815	   -0.0039
   0.0010	    1.8454	   -0.2090	   -0.4482	   -0.0041
   0.0010	    1.8491	   -0.2621	   -0.2980	   -0.0042
   0.0010	    1.8509	    0.1715	    0.0381	   -0.0044
   0.0010	    1.8533	    0.1640	    0.5105	   -0.0053
   0.0010	    1.8540	    0.3223	   -0.4462	   -0.0052
   0.0010	    1.8590	    0.3446	   -0.1179	   -0.0039
   0.0010	    1.8619	   -0.0256	    0.0801	   -0.0040
   0.0010	    1.8654	   -0.0325	    0.3133	   -0.0040
   0.0010	    1.8696	    0.2752	    0.3013	   -0.0048
   0.0010	    1.8710	   -0.3910	   -0.5616	   -0.0124
   0.0010	    1.8711	    0.3804	    0.3530	   -0.0124
   0.0010	    1.8751	    0.4947	   -0.7502	   -0.0044
   0.0010	    1.8768	   -0.2757	    0.4175	   -0.0043
   0.0010	    1.8827	   -0.2298	   -0.5103	   -0.0755
   0.0010	    1.8827	   -0.2821	    0.5915	   -0.0755
   0.0010	    1.8911	    0.2544	    0.5573	   -0.0092
   0.0010	    1.8913	   -0.2179	   -0.4047	   -0.0093
   0.0010	    1.8924	   -0.1339	    0.6763	   -0.0053
   0.0010	    1.8957	    0.0271	   -0.3529	   -0.0050
   0.0010	    1.8966	   -0.0253	    0.5019	   -0.0049
   0.0010	    1.8997	    0.3285	   -0.0968	   -0.0042
   0.0010	    1.9020	   -0.0169	    0.0800	   -0.0040
   0.0010	    1.9071	    0.0182	    0.2412	   -0.0040
   0.0010	    1.9091	   -0.4700	   -0.3385	   -0.0043
   0.0010	    1.9109	   -0.1537	   -0.3179	   -0.0041
   0.0010	    1.9144	   -0.0900	    0.4155	   -0.0039
   0.0010	    1.9174	    0.3544	    0.4025	   -0.0040
   0.0010	    1.9194	   -0.0162	   -0.8023	   -0.0041
   0.0010	    1.9211	   -0.0256	    0.4176	   -0.0038
   0.0010	    1.9286	   -0.3810	    0.1909	   -0.0029
   0.0010	    1.9378	    0.2205	    0.0465	   -0.0027
   0.0010	    1.9542	   -0.1723	   -0.3231	   -0.0029
   0.0010	    1.9571	    0.3066	    0.5553	   -0.0029
   0.0010	    1.9646	    0.4875	   -0.2869	   -0.0031
   0.0010	    1.9669	    0.2330	    0.4453	   -0.0031
   0.0010	    1.9755	    0.1758	    0.4205	   -0.0029
   0.0010	    1.9817	   -0.4141	   -0.3606	   -0.0045
   0.0010	    1.9825	   -0.1084	    0.3332	   -0.0050
   0.0010	    1.9835	   -0.0988	   -0.1690	   -0.0043
   0.0010	    1.9892	   -0.4087	   -0.6067	   -0.0039
   0.0010	    1.9908	   -0.1965	   -0.1140	   -0.0051
   0.0010	    1.9915	   -0.0035	    0.0865	   -0.0050
   0.0010	    1.9941	    0.1365	   -0.2412	   -0.0035
   0.0010	    1.9986	   -0.1941	    0.7541	   -0.0029
   0.0010	    2.0075	   -0.5981	    0.2731	   -0.0046
   0.0010	    2.0080	   -0.5083	   -0.2203	   -0.0046
   0.0010	    2.0319	   -0.1588	   -0.4653	   -0.0025
   0.0010	    2.0354	    0.2674	   -0.1893	   -0.0026
   0.0010	    2.0425	   -0.1413	    0.4431	   -0.0027
   0.0010	    2.0448	    0.1432	    0.4305	   -0.0027
   0.0010	    2.0591	    0.0082	   -0.5967	   -0.0022
   0.0010	    2.0795	    0.1737	    0.5450	   -0.0036
   0.0010	    2.0806	    0.3054	   -0.2739	   -0.0042
   0.0010	    2.0815	   -0.0366	   -0.1626	   -0.0038
   0.0010	    2.0855	    0.1552	    0.1160	   -0.0027
   0.0010	    2.1024	    0.0870	   -0.2685	   -0.0027
   0.0010	    2.1068	   -0.0649	    0.1105	   -0.0031
   0.0010	    2.1103	   -0.1649	    0.4059	   -0.0038
   0.0010	    2.1115	   -0.0324	    0.1498	   -0.0039
   0.0010	    2.1141	   -0.4264	   -0.2251	   -0.0035
   0.0010	    2.1168	    0.1081	   -0.4257	   -0.0035
   0.0010	    2.1190	    0.0127	    0.3059	   -0.0033
   0.0010	    2.1248	    0.3875	    0.2542	   -0.0028
   0.0010	    2.1333	   -0.2725	   -0.3999	   -0.0030
   0.0010	    2.1371	   -0.0548	   -0.1558	   -0.0204
   0.0010	    2.1371	    0.5071	   -0.2814	   -0.0204
   0.0010	    2.1434	    0.0462	    0.0561	   -0.0118
   0.0010	    2.1435	    0.1882	   -0.3694	   -0.0118
   0.0010	    2.1495	   -0.1361	   -0.1804	   -0.0041
   0.0010	    2.1508	    0.2703	    0.2947	   -0.0059
   0.0010	    2.1514	   -0.1820	   -0.5174	   -0.0069
   0.0010	    2.1518	   -0.4053	    0.4583	   -0.0059
   0.0010	    2.1753	    0.0706	    0.4413	   -0.0025
   0.0010	    2.1784	    0.1165	    0.1434	   -0.0026
   0.0010	    2.1851	    0.0515	    0.4432	   -0.0024
   0.0010	    2.1975	   -0.1268	    0.2806	   -0.0214
   0.0010	    2.1975	   -0.0834	    0.4421	   -0.0214
   0.0010	    2.2020	    0.1504	    0.2658	   -0.0036
   0.0010	    2.2034	   -0.3006	   -0.2627	   -0.0040
   0.0010	    2.2045	   -0.5432	   -0.3610	   -0.0037
   0.0010	    2.2130	    0.0801	   -0.1105	   -0.0025
   0.0010	    2.2200	   -0.1663	   -0.5867	   -0.0028
   0.0010	    2.2234	   -0.4516	   -0.1380	   -0.0302
   0.0010	    2.2234	   -0.2348	    0.4103	   -0.0302
   0.0010	    2.2366	   -0.4769	    0.4519	   -0.0025
   0.0010	    2.2397	   -0.1351	   -0.1306	   -0.0025
   0.0010	    2.2498	   -0.0223	   -0.3677	   -0.0023
   0.0010	    2.2571	   -0.3033	   -0.2686	   -0.0025
   0.0010	    2.2606	    0.1136	   -0.4890	   -0.0025
   0.0010	    2.2707	   -0.2690	   -0.0920	   -0.0036
   0.0010	    2.2715	    0.0517	    0.3140	   -0.0037
   0.0010	    2.2755	   -0.2763	   -0.1863	   -0.0033
   0.0010	    2.2771	   -0.0927	   -0.5612	   -0.0036
   0.0010	    2.2783	   -0.4099	    0.3741	   -0.0033
   0.0010	    2.2895	    0.1408	    0.1677	   -0.0021
   0.0010	    2.2967	    0.1407	   -0.4608	   -0.0020
   0.0010	    2.3122	   -0.0594	   -0.3996	   -0.0019
   0.0010	    2.3262	    0.1795	   -0.0931	   -0.0019
   0.0010	    2.3410	   -0.0758	    0.2945	   -0.0023
   0.0010	    2.3432	    0.1095	    0.3937	   -0.0024
   0.0010	    2.3509	   -0.3453	    0.4154	   -0.0022
   0.0010	    2.3559	   -0.4021	   -0.1837	   -0.0026
   0.0010	    2.3574	    0.3183	    0.4529	   -0.0026
   0.0010	    2.3701	   -0.1303	   -0.1756	   -0.0023
   0.0010	    2.3722	   -0.4259	   -0.1117	   -0.0022
   0.0010	    2.4090	    0.1962	    0.5555	   -0.0028
   0.0010	    2.4101	   -0.1271	    0.4785	   -0.0028
   0.0010	    2.4183	    0.1729	   -0.6371	   -0.0020
   0.0010	    2.4283	   -0.1693	   -0.1782	   -0.0022
   0.0010	    2.4325	   -0.0699	   -0.5963	   -0.0024
   0.0010	    2.4364	   -0.2866	   -0.2711	   -0.0024
   0.0010	    2.4421	   -0.0107	    0.3213	   -0.0035
   0.0010	    2.4428	    0.3883	    0.1404	   -0.0035
   0.0010	    2.4581	   -0.0239	   -0.2952	   -0.0025
   0.0010	    2.4602	    0.1521	   -0.1684	   -0.0026
   0.0010	    2.4664	    0.2313	    0.2140	   -0.0025
   0.0010	    2.4704	    0.1095	   -0.2215	   -0.0030
   0.0010	    2.4717	   -0.2448	    0.1619	   -0.0029
   0.0010	    2.4832	    0.3160	   -0.3834	   -0.0025
   0.0010	    2.4866	    0.2234	    0.2992	   -0.0031
   0.0010	    2.4877	   -0.1935	    0.5386	   -0.0031
   0.0010	    2.4951	   -0.1444	   -0.5389	   -0.0022
   0.0010	    2.5089	   -0.3147	   -0.2570	   -0.0022
   0.0010	    2.5149	   -0.0112	    0.0433	   -0.0041
   0.0010	    2.5154	    0.3343	   -0.4526	   -0.0041
   0.0010	    2.5218	   -0.0758	    0.3754	   -0.0054
   0.0010	    2.5221	    0.0633	    0.0688	   -0.0054
   0.0010	    2.5288	   -0.0253	    0.2015	   -0.0024
   0.0010	    2.5343	   -0.3043	    0.3103	   -0.0029
   0.0010	    2.5359	   -0.1042	    0.4222	   -0.0029
   0.0010	    2.5413	   -0.4134	   -0.1958	   -0.0029
   0.0010	    2.5426	    0.0417	   -0.1691	   -0.0029
   0.0010	    2.5512	   -0.0080	   -0.0542	   -0.0021
   0.0010	    2.5598	    0.2361	    0.4675	   -0.0020
   0.0010	    2.5709	    0.0372	    0.3040	   -0.0019
   0.0010	    2.5791	    0.2353	   -0.2535	   -0.0021
   0.0010	    2.5823	    0.3693	   -0.3292	   -0.0021
   0.0010	    2.5888	    0.4354	    0.0429	   -0.0019
   0.0010	    2.6026	   -0.1648	    0.1163	   -0.0018
   0.0010	    2.6147	   -0.4031	    0.3260	   -0.0021
   0.0010	    2.6194	   -0.0185	    0.1210	   -0.0026
   0.0010	    2.6215	    0.1611	   -0.0794	   -0.0031
   0.0010	    2.6227	    0.4599	   -0.2595	   -0.0029
   0.0010	    2.6347	    0.1195	    0.2641	   -0.0019
   0.0010	    2.6424	    0.3217	    0.3016	   -0.0048
   0.0010	    2.6428	    0.1437	    0.2499	   -0.0048
   0.0010	    2.6613	    0.0760	   -0.3502	   -0.0022
   0.0010	    2.6631	   -0.1521	    0.0982	   -0.0022
   0.0010	    2.6792	   -0.1033	   -0.5126	   -0.0018
   0.0010	    2.6876	   -0.0033	    0.2843	   -0.0021
   0.0010	    2.6906	    0.0634	    0.2168	   -0.0022
   0.0010	    2.6938	   -0.1968	    0.5438	   -0.0021
   0.0010	    2.7048	    0.3570	   -0.0828	   -0.0019
   0.0010	    2.7091	   -0.5455	    0.2001	   -0.0019
   0.0010	    2.7206	   -0.3233	   -0.2070	   -0.0019
   0.0010	    2.7270	   -0.0656	   -0.3778	   -0.0038
   0.0010	    2.7276	   -0.4634	   -0.4492	   -0.0045
   0.0010	    2.7283	    0.1592	    0.2714	   -0.0037
   0.0010	    2.7660	    0.4336	   -0.3161	   -0.0029
   0.0010	    2.7668	   -0.1538	   -0.3960	   -0.0029
   0.0010	    2.7718	    0.1350	   -0.1657	   -0.0018
   0.0010	    2.7814	   -0.4061	   -0.4346	   -0.0015
   0.0010	    2.7940	    0.0869	   -0.4022	   -0.0015
   0.0010	    2.8022	    0.1918	    0.1551	   -0.0015
   0.0010	    2.8202	    0.0916	    0.2836	   -0.0014
   0.0010	    2.8324	    0.2326	    0.2873	   -0.0014
   0.0010	    2.8443	    0.0537	   -0.1517	   -0.0019
   0.0010	    2.8460	    0.0973	   -0.2976	   -0.0019
   0.0010	    2.8568	   -0.4840	   -0.2658	   -0.0014
   0.0010	    2.8688	   -0.1576	    0.0252	   -0.0013
   0.0010	    2.8860	    0.2250	    0.5114	   -0.0012
   0.0010	    2.9038	   -0.0787	    0.3188	   -0.0012
   0.0010	    2.9411	    0.3138	   -0.3265	   -0.0013
   0.0010	    2.9491	   -0.0834	    0.3246	   -0.0015
   0.0010	    2.9556	   -0.3225	   -0.1916	   -0.0016
   0.0010	    2.9604	   -0.0370	    0.5276	   -0.0018
   0.0010	    2.9625	    0.1048	   -0.1833	   -0.0018
   0.0010	    2.9804	   -0.2694	    0.1854	   -0.0012
   0.0010	    3.0026	    0.2058	   -0.3425	   -0.0011
   0.0010	    3.0341	    0.0359	    0.4586	   -0.0012
   0.0010	    3.0450	   -0.3483	    0.1008	   -0.0013
   0.0010	    3.0516	    0.0077	    0.2432	   -0.0014
   0.0010	    3.0596	   -0.1148	   -0.2759	   -0.0023
   0.0010	    3.0605	    0.2803	    0.3084	   -0.0023
   0.0010	    3.0768	   -0.1168	   -0.2090	   -0.0011
   0.0010	    3.1200	    0.1124	    0.2646	   -0.0014
   0.0010	    3.1223	    0.1880	   -0.4534	   -0.0014
   0.0010	    3.1554	    0.1044	    0.3376	   -0.0010
   0.0010	    3.1722	    0.1631	    0.2401	   -0.0011
   0.0010	    3.1976	   -0.3536	   -0.4630	   -0.0013
   0.0010	    3.2030	   -0.3516	   -0.3759	   -0.0013
   0.0010	    3.2110	   -0.2492	   -0.1608	   -0.0012
   0.0010	    3.2243	   -0.1240	    0.3541	   -0.0012
   0.0010	    3.2387	    0.2111	    0.3237	   -0.0013
   0.0010	    3.2460	    0.1928	    0.4329	   -0.0013
   0.0010	    3.2562	   -0.2156	    0.2129	   -0.0014
   0.0010	    3.2608	    0.2032	    0.3223	   -0.0014
   0.0010	    3.2702	    0.0677	   -0.1618	   -0.0013
   0.0010	    3.2792	   -0.4678	   -0.4611	   -0.0012
   0.0010	    3.2948	    0.0824	   -0.2445	   -0.0010
   0.0010	    3.3304	    0.2281	    0.2124	   -0.0010
   0.0010	    3.3629	    0.0101	    0.3538	   -0.0010
   0.0010	    3.3757	   -0.0151	    0.2091	   -0.0010
   0.0010	    3.3985	   -0.2860	    0.3411	   -0.0014
   0.0010	    3.4019	    0.0568	   -0.1453	   -0.0014
   0.0010	    3.4078	    0.0329	    0.0920	   -0.0013
   0.0010	    3.4187	    0.2840	   -0.2488	   -0.0012
   0.0010	    3.4309	   -0.1567	    0.2122	   -0.0011
   0.0010	    3.4471	    0.3888	    0.4110	   -0.0012
   0.0010	    3.4520	   -0.1929	   -0.2470	   -0.0012
   0.0010	    3.4680	   -0.0713	    0.4011	   -0.0017
   0.0010	    3.4697	   -0.4459	   -0.1660	   -0.0018
   0.0010	    3.4726	    0.3396	    0.5581	   -0.0015
   0.0010	    3.5223	   -0.1900	   -0.0880	   -0.0009
   0.0010	    3.5338	    0.0074	   -0.1334	   -0.0009
   0.0010	    3.5553	    0.3253	   -0.2588	   -0.0010
   0.0010	    3.5625	   -0.1806	    0.3969	   -0.0009
   0.0010	    3.6206	    0.1645	    0.3292	   -0.0008
   0.0010	    3.6363	    0.2032	   -0.4579	   -0.0010
   0.0010	    3.6419	   -0.5201	   -0.1983	   -0.0010
   0.0010	    3.6829	    0.1124	    0.3655	   -0.0008
   0.0010	    3.6993	    0.3888	   -0.2684	   -0.0010
   0.0010	    3.7042	   -0.3250	    0.0861	   -0.0011
   0.0010	    3.7118	   -0.2771	   -0.3566	   -0.0009
   0.0010	    3.8216	    0.1769	    0.4517	   -0.0008
   0.0010	    3.8322	   -0.2446	    0.2363	   -0.0017
   0.0010	    3.8333	   -0.0203	   -0.1321	   -0.0017
   0.0010	    3.8758	    0.0654	    0.1452	   -0.0008
   0.0010	    3.8912	    0.3965	    0.2818	   -0.0008
   0.0010	    3.9163	   -0.1177	   -0.3026	   -0.0008
   0.0010	    3.9374	    0.0533	   -0.2773	   -0.0008
   0.0010	    3.9477	    0.1372	    0.2745	   -0.0008
   0.0010	    3.9583	   -0.1137	   -0.2863	   -0.0008
   0.0010	    4.0484	   -0.1751	    0.0788	   -0.0008
   0.0010	    4.0531	    0.0838	    0.2342	   -0.0008
   0.0010	    4.0876	    0.0041	    0.2000	   -0.0006
   0.0010	    4.1687	   -0.2136	    0.2221	   -0.0010
   0.0010	    4.1712	    0.1210	   -0.3138	   -0.0010
   0.0010	    4.2263	   -0.0192	    0.2643	   -0.0011
   0.0010	    4.2294	   -0.2957	   -0.3041	   -0.0012
   0.0010	    4.2342	    0.2078	    0.1504	   -0.0010
   0.0010	    4.2541	   -0.3389	   -0.2329	   -0.0008
   0.0010	    4.2792	    0.2160	   -0.4159	   -0.0009
   0.0010	    4.2863	    0.4176	   -0.2237	   -0.0009
   0.0010	    4.2963	    0.1322	    0.2689	   -0.0008
   0.0010	    4.3095	   -0.1943	    0.2185	   -0.0008
   0.0010	    4.3344	   -0.2467	    0.3954	   -0.0007
   0.0010	    4.3765	   -0.0863	    0.2240	   -0.0006
   0.0010	    4.4201	   -0.3514	    0.4252	   -0.0009
   0.0010	    4.4252	    0.0705	   -0.2411	   -0.0010
   0.0010	    4.4304	    0.0225	    0.2173	   -0.0009
   0.0010	    4.4648	   -0.1381	    0.2058	   -0.0007
   0.0010	    4.4793	   -0.2290	   -0.2614	   -0.0007
   0.0010	    4.4952	    0.2995	   -0.2378	   -0.0007
   0.0010	    4.5184	   -0.2295	   -0.2762	   -0.0007
   0.0010	    4.5583	   -0.1704	    0.1873	   -0.0011
   0.0010	    4.5609	   -0.0519	   -0.3024	   -0.0012
   0.0010	    4.5654	    0.2136	   -0.4151	   -0.0010
   0.0010	    4.5741	    0.1427	   -0.1426	   -0.0008
   0.0010	    4.6877	   -0.2636	    0.2626	   -0.0005
   0.0010	    4.7479	   -0.2211	    0.2648	   -0.0005
   0.0010	    4.8169	    0.1032	    0.3331	   -0.0006
   0.0010	    4.8491	   -0.1112	   -0.2169	   -0.0008
   0.0010	    4.8583	    0.1712	   -0.3480	   -0.0018
   0.0010	    4.8592	   -0.2809	   -0.2340	   -0.0018
   0.0010	    4.8669	    0.0305	    0.1207	   -0.0008
   0.0010	    4.8794	   -0.0215	    0.1572	   -0.0007
   0.0010	    4.9273	    0.5152	   -0.0587	   -0.0005
   0.0010	    5.0581	   -0.1240	   -0.1295	   -0.0006
   0.0010	    5.0740	    0.0865	   -0.0664	   -0.0007
   0.0010	    5.0822	    0.1160	    0.2412	   -0.0009
   0.0010	    5.0855	   -0.1641	   -0.1687	   -0.0008
   0.0010	    5.1873	   -0.0139	    0.3564	   -0.0005
   0.0010	    5.2209	    0.0711	    0.2591	   -0.0005
   0.0010	    5.2326	   -0.0317	   -0.2227	   -0.0005
   0.0010	    5.2603	    0.0394	    0.2588	   -0.0005
   0.0010	    5.3518	   -0.3981	    0.2310	   -0.0004
   0.0010	    5.4262	    0.1063	   -0.0959	   -0.0005
   0.0010	    5.4487	    0.1525	    0.3847	   -0.0005
   0.0010	    5.4586	    0.1167	   -0.4386	   -0.0005
   0.0010	    5.5142	    0.1321	   -0.1237	   -0.0004
   0.0010	    5.5848	   -0.3439	    0.1184	   -0.0004
   0.0010	    5.6671	   -0.1515	    0.0715	   -0.0010
   0.0010	    5.6690	   -0.0686	    0.5395	   -0.0010
   0.0010	    5.6757	   -0.1423	    0.1326	   -0.0006
   0.0010	    5.7319	   -0.0068	   -0.2928	   -0.0004
   0.0010	    5.7644	    0.0321	    0.2441	   -0.0006
   0.0010	    5.7715	   -0.0336	   -0.1008	   -0.0007
   0.0010	    5.7777	   -0.1933	   -0.1510	   -0.0006
   0.0010	    6.0551	    0.0253	   -0.2526	   -0.0003
   0.0010	    6.1505	    0.0200	    0.2910	   -0.0003
   0.0010	    6.2151	   -0.0999	   -0.1898	   -0.0003
   0.0010	    6.3531	   -0.0216	    0.2886	   -0.0005
   0.0010	    6.3589	    0.1060	   -0.1118	   -0.0005
   0.0010	    6.4102	   -0.0305	    0.1594	   -0.0003
   0.0010	    6.5243	    0.0102	   -0.1183	   -0.0003
   0.0010	    6.7452	   -0.0664	   -0.2006	   -0.0003
   0.0010	    6.7673	   -0.1614	   -0.1471	   -0.0004
   0.0010	    6.7983	   -0.2692	   -0.1356	   -0.0009
   0.0010	    6.8003	   -0.0443	   -0.1691	   -0.0009
   0.0010	    6.8067	   -0.0551	   -0.3489	   -0.0005
   0.0010	    6.9873	    0.1700	   -0.3056	   -0.0002
   0.0010	    7.9727	    0.0887	    0.1160	   -0.0002
   0.0010	    8.1978	    0.3437	   -0.1660	   -0.0002
   0.0010	    8.2180	   -0.1718	    0.0703	   -0.0002
   0.0010	    8.2702	    0.1635	    0.2279	   -0.0002
   0.0010	    8.9191	    0.0172	    0.0562	   -0.0002
   0.0010	    9.1093	    0.2366	   -0.0518	   -0.0002
   0.0010	    9.1671	    0.0717	    0.2762	   -0.0002
   0.0010	    9.2352	   -0.1229	    0.3090	   -0.0002
   0.0010	    9.2724	    0.0371	   -0.2774	   -0.0002
   0.0010	    9.3994	    0.1822	    0.2115	   -0.0002
   0.0010	    9.5908	   -0.2501	    0.2449	   -0.0002
   0.0010	    9.6975	    0.1238	    0.1964	   -0.0002
   0.0010	   11.1367	   -0.0429	    0.2770	   -0.0001
   0.0010	   11.3224	    0.0778	   -0.0164	   -0.0003
   0.0010	   11.3293	    0.0281	    0.1313	   -0.0003
   0.0010	   11.4417	    0.0375	   -0.2863	   -0.0001
   0.0010	   12.4500	   -0.0948	   -0.1326	   -0.0001
   0.0010	   13.5616	    0.0292	    0.0893	   -0.0001
   0.0010	   14.9580	   -0.1009	   -0.1334	   -0.0001
   0.0010	   16.3762	   -0.0592	   -0.2374	   -0.0001
   0.0010	   18.9331	    0.0412	   -0.0625	   -0.0001
   0.0010	   20.1659	   -0.0731	   -0.1405	   -0.0001
   0.0010	   20.7319	    0.0346	    0.2558	   -0.0001
   0.0010	   23.8553	   -0.0306	    0.1106	   -0.0000
   0.0010	   26.6895	   -0.0003	   -0.1558	   -0.0000
